{
  "nbformat": 4,
  "nbformat_minor": 0,
  "metadata": {
    "colab": {
      "provenance": []
    },
    "kernelspec": {
      "name": "python3",
      "display_name": "Python 3"
    },
    "language_info": {
      "name": "python"
    }
  },
  "cells": [
    {
      "cell_type": "code",
      "source": [
        "pip install ortools"
      ],
      "metadata": {
        "colab": {
          "base_uri": "https://localhost:8080/"
        },
        "id": "BEhmSTS8jHu0",
        "outputId": "50990a50-0e07-42ec-938f-2aa798689443"
      },
      "execution_count": null,
      "outputs": [
        {
          "output_type": "stream",
          "name": "stdout",
          "text": [
            "Collecting ortools\n",
            "  Downloading ortools-9.10.4067-cp310-cp310-manylinux_2_17_x86_64.manylinux2014_x86_64.whl (26.7 MB)\n",
            "\u001b[2K     \u001b[90m━━━━━━━━━━━━━━━━━━━━━━━━━━━━━━━━━━━━━━━━\u001b[0m \u001b[32m26.7/26.7 MB\u001b[0m \u001b[31m19.3 MB/s\u001b[0m eta \u001b[36m0:00:00\u001b[0m\n",
            "\u001b[?25hCollecting absl-py>=2.0.0 (from ortools)\n",
            "  Downloading absl_py-2.1.0-py3-none-any.whl (133 kB)\n",
            "\u001b[2K     \u001b[90m━━━━━━━━━━━━━━━━━━━━━━━━━━━━━━━━━━━━━━━━\u001b[0m \u001b[32m133.7/133.7 kB\u001b[0m \u001b[31m7.4 MB/s\u001b[0m eta \u001b[36m0:00:00\u001b[0m\n",
            "\u001b[?25hRequirement already satisfied: numpy>=1.13.3 in /usr/local/lib/python3.10/dist-packages (from ortools) (1.25.2)\n",
            "Requirement already satisfied: pandas>=2.0.0 in /usr/local/lib/python3.10/dist-packages (from ortools) (2.0.3)\n",
            "Collecting protobuf>=5.26.1 (from ortools)\n",
            "  Downloading protobuf-5.27.1-cp38-abi3-manylinux2014_x86_64.whl (309 kB)\n",
            "\u001b[2K     \u001b[90m━━━━━━━━━━━━━━━━━━━━━━━━━━━━━━━━━━━━━━━━\u001b[0m \u001b[32m309.2/309.2 kB\u001b[0m \u001b[31m4.1 MB/s\u001b[0m eta \u001b[36m0:00:00\u001b[0m\n",
            "\u001b[?25hRequirement already satisfied: immutabledict>=3.0.0 in /usr/local/lib/python3.10/dist-packages (from ortools) (4.2.0)\n",
            "Requirement already satisfied: python-dateutil>=2.8.2 in /usr/local/lib/python3.10/dist-packages (from pandas>=2.0.0->ortools) (2.8.2)\n",
            "Requirement already satisfied: pytz>=2020.1 in /usr/local/lib/python3.10/dist-packages (from pandas>=2.0.0->ortools) (2023.4)\n",
            "Requirement already satisfied: tzdata>=2022.1 in /usr/local/lib/python3.10/dist-packages (from pandas>=2.0.0->ortools) (2024.1)\n",
            "Requirement already satisfied: six>=1.5 in /usr/local/lib/python3.10/dist-packages (from python-dateutil>=2.8.2->pandas>=2.0.0->ortools) (1.16.0)\n",
            "Installing collected packages: protobuf, absl-py, ortools\n",
            "  Attempting uninstall: protobuf\n",
            "    Found existing installation: protobuf 3.20.3\n",
            "    Uninstalling protobuf-3.20.3:\n",
            "      Successfully uninstalled protobuf-3.20.3\n",
            "  Attempting uninstall: absl-py\n",
            "    Found existing installation: absl-py 1.4.0\n",
            "    Uninstalling absl-py-1.4.0:\n",
            "      Successfully uninstalled absl-py-1.4.0\n",
            "\u001b[31mERROR: pip's dependency resolver does not currently take into account all the packages that are installed. This behaviour is the source of the following dependency conflicts.\n",
            "cudf-cu12 24.4.1 requires protobuf<5,>=3.20, but you have protobuf 5.27.1 which is incompatible.\n",
            "google-ai-generativelanguage 0.6.4 requires protobuf!=3.20.0,!=3.20.1,!=4.21.0,!=4.21.1,!=4.21.2,!=4.21.3,!=4.21.4,!=4.21.5,<5.0.0dev,>=3.19.5, but you have protobuf 5.27.1 which is incompatible.\n",
            "google-api-core 2.11.1 requires protobuf!=3.20.0,!=3.20.1,!=4.21.0,!=4.21.1,!=4.21.2,!=4.21.3,!=4.21.4,!=4.21.5,<5.0.0.dev0,>=3.19.5, but you have protobuf 5.27.1 which is incompatible.\n",
            "google-cloud-aiplatform 1.56.0 requires protobuf!=3.20.0,!=3.20.1,!=4.21.0,!=4.21.1,!=4.21.2,!=4.21.3,!=4.21.4,!=4.21.5,<5.0.0dev,>=3.19.5, but you have protobuf 5.27.1 which is incompatible.\n",
            "google-cloud-bigquery-connection 1.12.1 requires protobuf!=3.20.0,!=3.20.1,!=4.21.0,!=4.21.1,!=4.21.2,!=4.21.3,!=4.21.4,!=4.21.5,<5.0.0dev,>=3.19.5, but you have protobuf 5.27.1 which is incompatible.\n",
            "google-cloud-bigquery-storage 2.25.0 requires protobuf!=3.20.0,!=3.20.1,!=4.21.0,!=4.21.1,!=4.21.2,!=4.21.3,!=4.21.4,!=4.21.5,<5.0.0dev,>=3.19.5, but you have protobuf 5.27.1 which is incompatible.\n",
            "google-cloud-datastore 2.15.2 requires protobuf!=3.20.0,!=3.20.1,!=4.21.0,!=4.21.1,!=4.21.2,!=4.21.3,!=4.21.4,!=4.21.5,<5.0.0dev,>=3.19.5, but you have protobuf 5.27.1 which is incompatible.\n",
            "google-cloud-firestore 2.11.1 requires protobuf!=3.20.0,!=3.20.1,!=4.21.0,!=4.21.1,!=4.21.2,!=4.21.3,!=4.21.4,!=4.21.5,<5.0.0dev,>=3.19.5, but you have protobuf 5.27.1 which is incompatible.\n",
            "google-cloud-functions 1.13.3 requires protobuf!=3.20.0,!=3.20.1,!=4.21.0,!=4.21.1,!=4.21.2,!=4.21.3,!=4.21.4,!=4.21.5,<5.0.0dev,>=3.19.5, but you have protobuf 5.27.1 which is incompatible.\n",
            "google-cloud-iam 2.15.0 requires protobuf!=3.20.0,!=3.20.1,!=4.21.0,!=4.21.1,!=4.21.2,!=4.21.3,!=4.21.4,!=4.21.5,<5.0.0dev,>=3.19.5, but you have protobuf 5.27.1 which is incompatible.\n",
            "google-cloud-language 2.13.3 requires protobuf!=3.20.0,!=3.20.1,!=4.21.0,!=4.21.1,!=4.21.2,!=4.21.3,!=4.21.4,!=4.21.5,<5.0.0dev,>=3.19.5, but you have protobuf 5.27.1 which is incompatible.\n",
            "google-cloud-resource-manager 1.12.3 requires protobuf!=3.20.0,!=3.20.1,!=4.21.0,!=4.21.1,!=4.21.2,!=4.21.3,!=4.21.4,!=4.21.5,<5.0.0dev,>=3.19.5, but you have protobuf 5.27.1 which is incompatible.\n",
            "google-cloud-translate 3.11.3 requires protobuf!=3.20.0,!=3.20.1,!=4.21.0,!=4.21.1,!=4.21.2,!=4.21.3,!=4.21.4,!=4.21.5,<5.0.0dev,>=3.19.5, but you have protobuf 5.27.1 which is incompatible.\n",
            "grpc-google-iam-v1 0.13.0 requires protobuf!=3.20.0,!=3.20.1,!=4.21.1,!=4.21.2,!=4.21.3,!=4.21.4,!=4.21.5,<5.0.0dev,>=3.19.5, but you have protobuf 5.27.1 which is incompatible.\n",
            "tensorflow 2.15.0 requires protobuf!=4.21.0,!=4.21.1,!=4.21.2,!=4.21.3,!=4.21.4,!=4.21.5,<5.0.0dev,>=3.20.3, but you have protobuf 5.27.1 which is incompatible.\n",
            "tensorflow-metadata 1.15.0 requires protobuf<4.21,>=3.20.3; python_version < \"3.11\", but you have protobuf 5.27.1 which is incompatible.\u001b[0m\u001b[31m\n",
            "\u001b[0mSuccessfully installed absl-py-2.1.0 ortools-9.10.4067 protobuf-5.27.1\n"
          ]
        }
      ]
    },
    {
      "cell_type": "code",
      "execution_count": null,
      "metadata": {
        "colab": {
          "base_uri": "https://localhost:8080/"
        },
        "id": "iAeykJ2gdGN_",
        "outputId": "eefb70fa-cad5-42e6-e73f-42bd18dec9bc"
      },
      "outputs": [
        {
          "output_type": "stream",
          "name": "stdout",
          "text": [
            "Objective: 4704\n",
            "Route for vehicle 0:\n",
            " 0 -> End\n",
            "Distance of the route: 0m\n",
            "\n",
            "Route for vehicle 1:\n",
            " 0 -> End\n",
            "Distance of the route: 0m\n",
            "\n",
            "Route for vehicle 2:\n",
            " 0 ->  7 ->  1 ->  4 ->  3 ->  15 ->  11 ->  12 ->  13 -> End\n",
            "Distance of the route: 2352m\n",
            "\n",
            "Route for vehicle 3:\n",
            " 0 ->  5 ->  8 ->  6 ->  2 ->  10 ->  16 ->  14 ->  9 -> End\n",
            "Distance of the route: 2352m\n",
            "\n",
            "Time taken: 10.001276016235352 seconds\n"
          ]
        }
      ],
      "source": [
        "#Google Or-tools\n",
        "from ortools.constraint_solver import routing_enums_pb2\n",
        "from ortools.constraint_solver import pywrapcp\n",
        "import time\n",
        "\n",
        "def create_data_model():\n",
        "    \"\"\"Stores the data for the problem.\"\"\"\n",
        "    data = {}\n",
        "    data[\"distance_matrix\"] = [\n",
        "        # fmt: off\n",
        "        [0, 548, 776, 696, 582, 274, 502, 194, 308, 194, 536, 502, 388, 354, 468, 776, 662],\n",
        "        [548, 0, 684, 308, 194, 502, 730, 354, 696, 742, 1084, 594, 480, 674, 1016, 868, 1210],\n",
        "        [776, 684, 0, 992, 878, 502, 274, 810, 468, 742, 400, 1278, 1164, 1130, 788, 1552, 754],\n",
        "        [696, 308, 992, 0, 114, 650, 878, 502, 844, 890, 1232, 514, 628, 822, 1164, 560, 1358],\n",
        "        [582, 194, 878, 114, 0, 536, 764, 388, 730, 776, 1118, 400, 514, 708, 1050, 674, 1244],\n",
        "        [274, 502, 502, 650, 536, 0, 228, 308, 194, 240, 582, 776, 662, 628, 514, 1050, 708],\n",
        "        [502, 730, 274, 878, 764, 228, 0, 536, 194, 468, 354, 1004, 890, 856, 514, 1278, 480],\n",
        "        [194, 354, 810, 502, 388, 308, 536, 0, 342, 388, 730, 468, 354, 320, 662, 742, 856],\n",
        "        [308, 696, 468, 844, 730, 194, 194, 342, 0, 274, 388, 810, 696, 662, 320, 1084, 514],\n",
        "        [194, 742, 742, 890, 776, 240, 468, 388, 274, 0, 342, 536, 422, 388, 274, 810, 468],\n",
        "        [536, 1084, 400, 1232, 1118, 582, 354, 730, 388, 342, 0, 878, 764, 730, 388, 1152, 354],\n",
        "        [502, 594, 1278, 514, 400, 776, 1004, 468, 810, 536, 878, 0, 114, 308, 650, 274, 844],\n",
        "        [388, 480, 1164, 628, 514, 662, 890, 354, 696, 422, 764, 114, 0, 194, 536, 388, 730],\n",
        "        [354, 674, 1130, 822, 708, 628, 856, 320, 662, 388, 730, 308, 194, 0, 342, 422, 536],\n",
        "        [468, 1016, 788, 1164, 1050, 514, 514, 662, 320, 274, 388, 650, 536, 342, 0, 764, 194],\n",
        "        [776, 868, 1552, 560, 674, 1050, 1278, 742, 1084, 810, 1152, 274, 388, 422, 764, 0, 798],\n",
        "        [662, 1210, 754, 1358, 1244, 708, 480, 856, 514, 468, 354, 844, 730, 536, 194, 798, 0],\n",
        "        # fmt: on\n",
        "    ]\n",
        "    data[\"num_vehicles\"] = 4\n",
        "    data[\"depot\"] = 0\n",
        "    return data\n",
        "\n",
        "def print_solution(data, manager, routing, solution):\n",
        "    \"\"\"Prints solution on console.\"\"\"\n",
        "    print(f\"Objective: {solution.ObjectiveValue()}\")\n",
        "    for vehicle_id in range(data[\"num_vehicles\"]):\n",
        "        index = routing.Start(vehicle_id)\n",
        "        plan_output = f\"Route for vehicle {vehicle_id}:\\n\"\n",
        "        route_distance = 0\n",
        "        while not routing.IsEnd(index):\n",
        "            plan_output += f\" {manager.IndexToNode(index)} -> \"\n",
        "            previous_index = index\n",
        "            index = solution.Value(routing.NextVar(index))\n",
        "            route_distance += routing.GetArcCostForVehicle(previous_index, index, vehicle_id)\n",
        "        plan_output += \"End\\n\"\n",
        "        plan_output += f\"Distance of the route: {route_distance}m\\n\"\n",
        "        print(plan_output)\n",
        "\n",
        "def main(fifo=True):\n",
        "    \"\"\"Solve the OVRP problem.\"\"\"\n",
        "    start_time = time.time()  # Record start time\n",
        "\n",
        "    # Instantiate the data problem.\n",
        "    data = create_data_model()\n",
        "\n",
        "    # Create the routing index manager.\n",
        "    manager = pywrapcp.RoutingIndexManager(len(data[\"distance_matrix\"]), data[\"num_vehicles\"], data[\"depot\"])\n",
        "\n",
        "    # Create Routing Model.\n",
        "    routing = pywrapcp.RoutingModel(manager)\n",
        "\n",
        "    # Create and register a transit callback.\n",
        "    def distance_callback(from_index, to_index):\n",
        "        \"\"\"Returns the distance between the two nodes.\"\"\"\n",
        "        # Convert from routing variable Index to distance matrix NodeIndex.\n",
        "        from_node = manager.IndexToNode(from_index)\n",
        "        to_node = manager.IndexToNode(to_index)\n",
        "        return data[\"distance_matrix\"][from_node][to_node]\n",
        "\n",
        "    transit_callback_index = routing.RegisterTransitCallback(distance_callback)\n",
        "\n",
        "    # Define cost of each arc.\n",
        "    routing.SetArcCostEvaluatorOfAllVehicles(transit_callback_index)\n",
        "\n",
        "    if fifo:\n",
        "        # Add FIFO constraints\n",
        "        for i in range(data[\"num_vehicles\"]):\n",
        "            routing.AddDimension(\n",
        "                transit_callback_index,\n",
        "                0,  # no slack\n",
        "                3000,  # vehicle maximum travel distance\n",
        "                True,  # start cumul to zero\n",
        "                f\"FIFO_{i}\"\n",
        "            )\n",
        "    else:\n",
        "        # Add LIFO constraints\n",
        "        for i in range(data[\"num_vehicles\"]):\n",
        "            routing.AddDimension(\n",
        "                transit_callback_index,\n",
        "                0,  # no slack\n",
        "                3000,  # vehicle maximum travel distance\n",
        "                True,  # start cumul to zero\n",
        "                f\"LIFO_{i}\"\n",
        "            )\n",
        "\n",
        "    # Set up search parameters.\n",
        "    search_parameters = pywrapcp.DefaultRoutingSearchParameters()\n",
        "    search_parameters.first_solution_strategy = (\n",
        "        routing_enums_pb2.FirstSolutionStrategy.PATH_CHEAPEST_ARC\n",
        "    )\n",
        "    search_parameters.local_search_metaheuristic = (\n",
        "        routing_enums_pb2.LocalSearchMetaheuristic.GUIDED_LOCAL_SEARCH\n",
        "    )\n",
        "    search_parameters.time_limit.FromSeconds(10)\n",
        "\n",
        "    # Solve the problem.\n",
        "    solution = routing.SolveWithParameters(search_parameters)\n",
        "\n",
        "    # Print solution on console.\n",
        "    if solution:\n",
        "        print_solution(data, manager, routing, solution)\n",
        "\n",
        "    end_time = time.time()  # Record end time\n",
        "    print(f\"Time de ejecución: {end_time - start_time} seconds\")\n",
        "\n",
        "if __name__ == \"__main__\":\n",
        "    main(fifo=True)  # Cambiar a False para LIFO\n",
        "\n"
      ]
    },
    {
      "cell_type": "code",
      "source": [
        "#chatGPT\n",
        "from ortools.constraint_solver import routing_enums_pb2\n",
        "from ortools.constraint_solver import pywrapcp\n",
        "import psutil\n",
        "import numpy as np\n",
        "import time\n",
        "\n",
        "# Definir la matriz de distancias (ya proporcionada)\n",
        "distance_matrix = [\n",
        "    [0, 548, 776, 696, 582, 274, 502, 194, 308, 194, 536, 502, 388, 354, 468, 776, 662],\n",
        "    [548, 0, 684, 308, 194, 502, 730, 354, 696, 742, 1084, 594, 480, 674, 1016, 868, 1210],\n",
        "    [776, 684, 0, 992, 878, 502, 274, 810, 468, 742, 400, 1278, 1164, 1130, 788, 1552, 754],\n",
        "    [696, 308, 992, 0, 114, 650, 878, 502, 844, 890, 1232, 514, 628, 822, 1164, 560, 1358],\n",
        "    [582, 194, 878, 114, 0, 536, 764, 388, 730, 776, 1118, 400, 514, 708, 1050, 674, 1244],\n",
        "    [274, 502, 502, 650, 536, 0, 228, 308, 194, 240, 582, 776, 662, 628, 514, 1050, 708],\n",
        "    [502, 730, 274, 878, 764, 228, 0, 536, 194, 468, 354, 1004, 890, 856, 514, 1278, 480],\n",
        "    [194, 354, 810, 502, 388, 308, 536, 0, 342, 388, 730, 468, 354, 320, 662, 742, 856],\n",
        "    [308, 696, 468, 844, 730, 194, 194, 342, 0, 274, 388, 810, 696, 662, 320, 1084, 514],\n",
        "    [194, 742, 742, 890, 776, 240, 468, 388, 274, 0, 342, 536, 422, 388, 274, 810, 468],\n",
        "    [536, 1084, 400, 1232, 1118, 582, 354, 730, 388, 342, 0, 878, 764, 730, 388, 1152, 354],\n",
        "    [502, 594, 1278, 514, 400, 776, 1004, 468, 810, 536, 878, 0, 114, 308, 650, 274, 844],\n",
        "    [388, 480, 1164, 628, 514, 662, 890, 354, 696, 422, 764, 114, 0, 194, 536, 388, 730],\n",
        "    [354, 674, 1130, 822, 708, 628, 856, 320, 662, 388, 730, 308, 194, 0, 342, 422, 536],\n",
        "    [468, 1016, 788, 1164, 1050, 514, 514, 662, 320, 274, 388, 650, 536, 342, 0, 764, 194],\n",
        "    [776, 868, 1552, 560, 674, 1050, 1278, 742, 1084, 810, 1152, 274, 388, 422, 764, 0, 798],\n",
        "    [662, 1210, 754, 1358, 1244, 708, 480, 856, 514, 468, 354, 844, 730, 536, 194, 798, 0],\n",
        "]\n",
        "\n",
        "# Número de vehículos\n",
        "num_vehicles = 4\n",
        "\n",
        "# Capacidad máxima de cada vehículo\n",
        "vehicle_capacity = 2000\n",
        "\n",
        "def create_data_model():\n",
        "    \"\"\"Create the data for the problem.\"\"\"\n",
        "    data = {}\n",
        "    data['distance_matrix'] = distance_matrix\n",
        "    data['num_vehicles'] = num_vehicles\n",
        "    data['vehicle_capacity'] = vehicle_capacity\n",
        "    data['depot'] = 0\n",
        "    data['demands'] = [0, 1, 1, 2, 4, 2, 4, 8, 8, 1, 2, 1, 2, 4, 4, 8, 8]  # Demands array\n",
        "\n",
        "    return data\n",
        "\n",
        "def print_solution(data, manager, routing, solution):\n",
        "    \"\"\"Prints solution on console.\"\"\"\n",
        "    total_distance = 0\n",
        "    total_load = 0\n",
        "    for vehicle_id in range(data['num_vehicles']):\n",
        "        index = routing.Start(vehicle_id)\n",
        "        plan_output = 'Route for vehicle {}:\\n'.format(vehicle_id)\n",
        "        route_distance = 0\n",
        "        route_load = 0\n",
        "        while not routing.IsEnd(index):\n",
        "            node_index = manager.IndexToNode(index)\n",
        "            route_load += data['demands'][node_index]\n",
        "            plan_output += ' {} -> '.format(node_index)\n",
        "            previous_index = index\n",
        "            index = solution.Value(routing.NextVar(index))\n",
        "            route_distance += routing.GetArcCostForVehicle(\n",
        "                previous_index, index, vehicle_id)\n",
        "        plan_output += '{}\\n'.format(manager.IndexToNode(index))\n",
        "        plan_output += 'Distance of the route: {}m\\n'.format(route_distance)\n",
        "        plan_output += 'Load of the route: {}\\n'.format(route_load)\n",
        "        print(plan_output)\n",
        "        total_distance += route_distance\n",
        "        total_load += route_load\n",
        "    print('Total distance of all routes: {}m'.format(total_distance))\n",
        "    print('Total load of all routes: {}'.format(total_load))\n",
        "\n",
        "def main():\n",
        "    \"\"\"Solve the CVRP problem.\"\"\"\n",
        "    # Start recording time\n",
        "    start_time = time.time()\n",
        "\n",
        "    # Start recording memory usage\n",
        "    start_memory = psutil.virtual_memory().used\n",
        "\n",
        "    # Instantiate the data problem.\n",
        "    data = create_data_model()\n",
        "\n",
        "    # Create the routing index manager.\n",
        "    manager = pywrapcp.RoutingIndexManager(len(data['distance_matrix']),\n",
        "                                           data['num_vehicles'], data['depot'])\n",
        "\n",
        "    # Create Routing Model.\n",
        "    routing = pywrapcp.RoutingModel(manager)\n",
        "\n",
        "    # Define cost of each arc.\n",
        "    def distance_callback(from_index, to_index):\n",
        "        \"\"\"Returns the distance between the two nodes.\"\"\"\n",
        "        # Convert from routing variable Index to distance matrix NodeIndex.\n",
        "        from_node = manager.IndexToNode(from_index)\n",
        "        to_node = manager.IndexToNode(to_index)\n",
        "        return data['distance_matrix'][from_node][to_node]\n",
        "\n",
        "    transit_callback_index = routing.RegisterTransitCallback(distance_callback)\n",
        "\n",
        "    # Define cost of each arc.\n",
        "    routing.SetArcCostEvaluatorOfAllVehicles(transit_callback_index)\n",
        "\n",
        "    # Add Capacity constraint.\n",
        "    def demand_callback(from_index):\n",
        "        \"\"\"Returns the demand of the node.\"\"\"\n",
        "        # Convert from routing variable Index to demands NodeIndex.\n",
        "        from_node = manager.IndexToNode(from_index)\n",
        "        return data['demands'][from_node]\n",
        "\n",
        "    demand_callback_index = routing.RegisterUnaryTransitCallback(\n",
        "        demand_callback)\n",
        "    routing.AddDimensionWithVehicleCapacity(\n",
        "        demand_callback_index,\n",
        "        0,  # null slack\n",
        "        [data['vehicle_capacity']] * data['num_vehicles'],  # vehicle maximum capacities\n",
        "        True,  # start cumul to zero\n",
        "        'Capacity')\n",
        "\n",
        "    # Setting first solution heuristic.\n",
        "    search_parameters = pywrapcp.DefaultRoutingSearchParameters()\n",
        "    search_parameters.local_search_metaheuristic = (\n",
        "        routing_enums_pb2.LocalSearchMetaheuristic.GUIDED_LOCAL_SEARCH)\n",
        "    search_parameters.time_limit.seconds = 30  # Definir un límite de tiempo de 30 segundos\n",
        "    search_parameters.log_search = True\n",
        "\n",
        "    # Solve the problem.\n",
        "    solution = routing.SolveWithParameters(search_parameters)\n",
        "\n",
        "    # Print solution on console.\n",
        "    if solution:\n",
        "        print_solution(data, manager, routing, solution)\n",
        "\n",
        "    # End recording time\n",
        "    end_time = time.time()\n",
        "\n",
        "    # End recording memory usage\n",
        "    end_memory = psutil.virtual_memory().used\n",
        "\n",
        "    # Print time taken and memory used\n",
        "    print(f\"Time de ejecución: {end_time - start_time} seconds\")\n",
        "\n",
        "if __name__ == '__main__':\n",
        "    main()"
      ],
      "metadata": {
        "colab": {
          "base_uri": "https://localhost:8080/"
        },
        "id": "t_oaQCaG4jB8",
        "outputId": "9bd29eb5-fc96-4c2e-e16f-ed6fd11ac488"
      },
      "execution_count": null,
      "outputs": [
        {
          "output_type": "stream",
          "name": "stdout",
          "text": [
            "Route for vehicle 0:\n",
            " 0 -> 0\n",
            "Distance of the route: 0m\n",
            "Load of the route: 0\n",
            "\n",
            "Route for vehicle 1:\n",
            " 0 -> 0\n",
            "Distance of the route: 0m\n",
            "Load of the route: 0\n",
            "\n",
            "Route for vehicle 2:\n",
            " 0 -> 0\n",
            "Distance of the route: 0m\n",
            "Load of the route: 0\n",
            "\n",
            "Route for vehicle 3:\n",
            " 0 ->  9 ->  5 ->  8 ->  6 ->  2 ->  10 ->  16 ->  14 ->  13 ->  12 ->  11 ->  15 ->  3 ->  4 ->  1 ->  7 -> 0\n",
            "Distance of the route: 4384m\n",
            "Load of the route: 60\n",
            "\n",
            "Total distance of all routes: 4384m\n",
            "Total load of all routes: 60\n",
            "Time de ejecución: 30.001842975616455 seconds\n"
          ]
        }
      ]
    },
    {
      "cell_type": "code",
      "source": [
        "pip install gurobipy"
      ],
      "metadata": {
        "colab": {
          "base_uri": "https://localhost:8080/"
        },
        "id": "g133UydKHHoh",
        "outputId": "95ccbb3e-0182-4e1d-c186-076f474f81d6"
      },
      "execution_count": 1,
      "outputs": [
        {
          "output_type": "stream",
          "name": "stdout",
          "text": [
            "Collecting gurobipy\n",
            "  Downloading gurobipy-11.0.2-cp310-cp310-manylinux2014_x86_64.manylinux_2_17_x86_64.whl (13.4 MB)\n",
            "\u001b[2K     \u001b[90m━━━━━━━━━━━━━━━━━━━━━━━━━━━━━━━━━━━━━━━━\u001b[0m \u001b[32m13.4/13.4 MB\u001b[0m \u001b[31m74.6 MB/s\u001b[0m eta \u001b[36m0:00:00\u001b[0m\n",
            "\u001b[?25hInstalling collected packages: gurobipy\n",
            "Successfully installed gurobipy-11.0.2\n"
          ]
        }
      ]
    },
    {
      "cell_type": "code",
      "source": [
        "#Gurobi\n",
        "import gurobipy as gp\n",
        "from gurobipy import GRB\n",
        "import time\n",
        "\n",
        "# Definir la matriz de distancias (ya proporcionada)\n",
        "distance_matrix = [\n",
        "    [0, 548, 776, 696, 582, 274, 502, 194, 308, 194, 536, 502, 388, 354, 468, 776, 662],\n",
        "    [548, 0, 684, 308, 194, 502, 730, 354, 696, 742, 1084, 594, 480, 674, 1016, 868, 1210],\n",
        "    [776, 684, 0, 992, 878, 502, 274, 810, 468, 742, 400, 1278, 1164, 1130, 788, 1552, 754],\n",
        "    [696, 308, 992, 0, 114, 650, 878, 502, 844, 890, 1232, 514, 628, 822, 1164, 560, 1358],\n",
        "    [582, 194, 878, 114, 0, 536, 764, 388, 730, 776, 1118, 400, 514, 708, 1050, 674, 1244],\n",
        "    [274, 502, 502, 650, 536, 0, 228, 308, 194, 240, 582, 776, 662, 628, 514, 1050, 708],\n",
        "    [502, 730, 274, 878, 764, 228, 0, 536, 194, 468, 354, 1004, 890, 856, 514, 1278, 480],\n",
        "    [194, 354, 810, 502, 388, 308, 536, 0, 342, 388, 730, 468, 354, 320, 662, 742, 856],\n",
        "    [308, 696, 468, 844, 730, 194, 194, 342, 0, 274, 388, 810, 696, 662, 320, 1084, 514],\n",
        "    [194, 742, 742, 890, 776, 240, 468, 388, 274, 0, 342, 536, 422, 388, 274, 810, 468],\n",
        "    [536, 1084, 400, 1232, 1118, 582, 354, 730, 388, 342, 0, 878, 764, 730, 388, 1152, 354],\n",
        "    [502, 594, 1278, 514, 400, 776, 1004, 468, 810, 536, 878, 0, 114, 308, 650, 274, 844],\n",
        "    [388, 480, 1164, 628, 514, 662, 890, 354, 696, 422, 764, 114, 0, 194, 536, 388, 730],\n",
        "    [354, 674, 1130, 822, 708, 628, 856, 320, 662, 388, 730, 308, 194, 0, 342, 422, 536],\n",
        "    [468, 1016, 788, 1164, 1050, 514, 514, 662, 320, 274, 388, 650, 536, 342, 0, 764, 194],\n",
        "    [776, 868, 1552, 560, 674, 1050, 1278, 742, 1084, 810, 1152, 274, 388, 422, 764, 0, 798],\n",
        "    [662, 1210, 754, 1358, 1244, 708, 480, 856, 514, 468, 354, 844, 730, 536, 194, 798, 0],\n",
        "]\n",
        "\n",
        "# Número de vehículos\n",
        "num_vehicles = 4\n",
        "\n",
        "# Capacidad máxima de cada vehículo\n",
        "vehicle_capacity = 2000\n",
        "\n",
        "# Demandas de los clientes\n",
        "demands = [0, 1, 1, 2, 4, 2, 4, 8, 8, 1, 2, 1, 2, 4, 4, 8, 8]\n",
        "\n",
        "# Crear el modelo\n",
        "m = gp.Model()\n",
        "\n",
        "# Variables\n",
        "x = m.addVars(len(distance_matrix), len(distance_matrix), num_vehicles, vtype=GRB.BINARY, name=\"x\")\n",
        "u = m.addVars(len(distance_matrix), vtype=GRB.INTEGER, name=\"u\")\n",
        "\n",
        "# Establecer la función objetivo\n",
        "m.setObjective(gp.quicksum(distance_matrix[i][j] * x[i, j, k] for i in range(len(distance_matrix)) for j in range(len(distance_matrix)) for k in range(num_vehicles) if i != j), GRB.MINIMIZE)\n",
        "\n",
        "# Restricciones\n",
        "for i in range(len(distance_matrix)):\n",
        "    m.addConstr(gp.quicksum(x[i, j, k] for j in range(len(distance_matrix)) for k in range(num_vehicles) if i != j) == 1)\n",
        "\n",
        "for j in range(len(distance_matrix)):\n",
        "    m.addConstr(gp.quicksum(x[i, j, k] for i in range(len(distance_matrix)) for k in range(num_vehicles) if i != j) == 1)\n",
        "\n",
        "for k in range(num_vehicles):\n",
        "    m.addConstr(gp.quicksum(demands[i] * x[i, j, k] for i in range(len(distance_matrix)) for j in range(len(distance_matrix)) if i != j) <= vehicle_capacity)\n",
        "\n",
        "for i in range(1, len(distance_matrix)):\n",
        "    for j in range(1, len(distance_matrix)):\n",
        "        if i != j:\n",
        "            for k in range(num_vehicles):\n",
        "                m.addConstr(u[i] - u[j] + len(distance_matrix) * x[i, j, k] <= len(distance_matrix) - 1)\n",
        "\n",
        "# No permitir bucles (u_i >= 2 para todos los nodos excepto el nodo de inicio)\n",
        "for i in range(1, len(distance_matrix)):\n",
        "    m.addConstr(u[i] >= 2)\n",
        "\n",
        "# Optimizar el modelo\n",
        "start_time = time.time()\n",
        "m.optimize()\n",
        "end_time = time.time()\n",
        "\n",
        "# Imprimir resultados\n",
        "if m.status == GRB.OPTIMAL:\n",
        "    for k in range(num_vehicles):\n",
        "        print(f\"Ruta para el vehículo {k}:\")\n",
        "        ruta = []\n",
        "        for i in range(len(distance_matrix)):\n",
        "            for j in range(len(distance_matrix)):\n",
        "                if x[i, j, k].x > 0.5:\n",
        "                    ruta.append((i, j))\n",
        "        print(ruta)\n",
        "else:\n",
        "    print(\"No se encontró una solución óptima.\")\n",
        "\n",
        "print(f\"Tiempo de ejecución: {end_time - start_time:.6f} segundos\")\n",
        "\n"
      ],
      "metadata": {
        "colab": {
          "base_uri": "https://localhost:8080/"
        },
        "id": "YAKl_x9bHIhI",
        "outputId": "c70939ec-4d02-4612-d25e-ccf8683ce3e2"
      },
      "execution_count": 3,
      "outputs": [
        {
          "output_type": "stream",
          "name": "stdout",
          "text": [
            "Gurobi Optimizer version 11.0.2 build v11.0.2rc0 (linux64 - \"Ubuntu 22.04.3 LTS\")\n",
            "\n",
            "CPU model: Intel(R) Xeon(R) CPU @ 2.20GHz, instruction set [SSE2|AVX|AVX2]\n",
            "Thread count: 1 physical cores, 2 logical processors, using up to 2 threads\n",
            "\n",
            "Optimize a model with 1014 rows, 1173 columns and 6096 nonzeros\n",
            "Model fingerprint: 0x2705c5fe\n",
            "Variable types: 0 continuous, 1173 integer (1156 binary)\n",
            "Coefficient statistics:\n",
            "  Matrix range     [1e+00, 2e+01]\n",
            "  Objective range  [1e+02, 2e+03]\n",
            "  Bounds range     [1e+00, 1e+00]\n",
            "  RHS range        [1e+00, 2e+03]\n",
            "Found heuristic solution: objective 9540.0000000\n",
            "Presolve removed 20 rows and 165 columns\n",
            "Presolve time: 0.02s\n",
            "Presolved: 994 rows, 1008 columns, 4864 nonzeros\n",
            "Variable types: 0 continuous, 1008 integer (992 binary)\n",
            "\n",
            "Root relaxation: objective 3.948000e+03, 39 iterations, 0.00 seconds (0.00 work units)\n",
            "\n",
            "    Nodes    |    Current Node    |     Objective Bounds      |     Work\n",
            " Expl Unexpl |  Obj  Depth IntInf | Incumbent    BestBd   Gap | It/Node Time\n",
            "\n",
            "     0     0 3948.00000    0   14 9540.00000 3948.00000  58.6%     -    0s\n",
            "     0     0 4132.00000    0   33 9540.00000 4132.00000  56.7%     -    0s\n",
            "H    0     0                    6484.0000000 4132.00000  36.3%     -    0s\n",
            "     0     0 4132.00000    0   31 6484.00000 4132.00000  36.3%     -    0s\n",
            "     0     0 4132.00000    0   33 6484.00000 4132.00000  36.3%     -    0s\n",
            "     0     0 4132.00000    0   29 6484.00000 4132.00000  36.3%     -    0s\n",
            "     0     0 4132.00000    0   11 6484.00000 4132.00000  36.3%     -    0s\n",
            "     0     0 4132.00000    0   14 6484.00000 4132.00000  36.3%     -    0s\n",
            "     0     0 4132.00000    0   14 6484.00000 4132.00000  36.3%     -    0s\n",
            "     0     0 4132.00000    0   20 6484.00000 4132.00000  36.3%     -    0s\n",
            "     0     0 4132.00000    0   14 6484.00000 4132.00000  36.3%     -    0s\n",
            "     0     0 4132.00000    0   21 6484.00000 4132.00000  36.3%     -    0s\n",
            "     0     0 4132.00000    0    8 6484.00000 4132.00000  36.3%     -    0s\n",
            "     0     0 4132.00000    0    9 6484.00000 4132.00000  36.3%     -    0s\n",
            "     0     0 4132.00000    0    6 6484.00000 4132.00000  36.3%     -    0s\n",
            "     0     0 4132.00000    0   29 6484.00000 4132.00000  36.3%     -    0s\n",
            "     0     0 4132.00000    0   14 6484.00000 4132.00000  36.3%     -    0s\n",
            "     0     0 4132.00000    0    9 6484.00000 4132.00000  36.3%     -    0s\n",
            "     0     0 4132.00000    0   12 6484.00000 4132.00000  36.3%     -    0s\n",
            "     0     0 4132.00000    0    6 6484.00000 4132.00000  36.3%     -    0s\n",
            "     0     2 4132.00000    0    6 6484.00000 4132.00000  36.3%     -    0s\n",
            "*   23    16              19    4704.0000000 4132.00000  12.2%   5.4    0s\n",
            "*   72    24              17    4384.0000000 4132.00000  5.75%   6.2    0s\n",
            "\n",
            "Cutting planes:\n",
            "  Learned: 14\n",
            "  Implied bound: 78\n",
            "  MIR: 23\n",
            "  StrongCG: 1\n",
            "  Inf proof: 5\n",
            "  Mod-K: 1\n",
            "\n",
            "Explored 1002 nodes (5261 simplex iterations) in 1.93 seconds (0.82 work units)\n",
            "Thread count was 2 (of 2 available processors)\n",
            "\n",
            "Solution count 4: 4384 4704 6484 9540 \n",
            "\n",
            "Optimal solution found (tolerance 1.00e-04)\n",
            "Best objective 4.384000000000e+03, best bound 4.384000000000e+03, gap 0.0000%\n",
            "Ruta para el vehículo 0:\n",
            "[(5, 8), (9, 5), (10, 16), (11, 15)]\n",
            "Ruta para el vehículo 1:\n",
            "[(1, 7), (2, 10), (3, 4), (6, 2), (14, 13)]\n",
            "Ruta para el vehículo 2:\n",
            "[(4, 1), (7, 0), (8, 6), (12, 11), (15, 3)]\n",
            "Ruta para el vehículo 3:\n",
            "[(0, 9), (13, 12), (16, 14)]\n",
            "Tiempo de ejecución: 1.942609 segundos\n"
          ]
        }
      ]
    }
  ]
}